1762428993550 0.001 1
1762428993978 0.001 2
1762428994328 0.001 3
1762428994646 0.001 4
1762428995036 0.001 5
1762428995353 0.001 6
1762428995666 0.001 7
1762428995982 0.001 8
1762428996388 0.001 9
1762428996696 0.0005 10
1762428997011 0.0005 11
1762428997298 0.0005 12
1762428997595 0.0005 13
1762428997896 0.0005 14
1762428998213 0.0005 15
1762428998511 0.00025 16
1762428998808 0.00025 17
1762428999120 0.00025 18
1762428999440 0.00025 19
1762428999766 0.00025 20
1762429000106 0.00025 21
1762429000411 0.000125 22
1762429000718 0.000125 23
1762429001036 0.000125 24
1762429001371 0.000125 25
1762429001830 0.000125 26
1762429002195 0.000125 27
1762429002499 6.25e-05 28
1762429002795 6.25e-05 29
1762429003111 6.25e-05 30
1762429003428 6.25e-05 31
1762429003725 6.25e-05 32
1762429004041 6.25e-05 33
1762429004415 3.125e-05 34
1762429004769 3.125e-05 35
1762429005085 3.125e-05 36
1762429005395 3.125e-05 37
1762429005698 3.125e-05 38
1762429006013 3.125e-05 39
1762429006336 1.5625e-05 40
1762429006642 1.5625e-05 41
1762429007035 1.5625e-05 42
1762429007365 1.5625e-05 43
1762429007670 1.5625e-05 44
1762429007991 1.5625e-05 45
1762429008285 7.8125e-06 46
1762429008585 7.8125e-06 47
1762429008896 7.8125e-06 48
1762429009185 7.8125e-06 49
1762429009503 7.8125e-06 50
1762429009829 7.8125e-06 51
1762429010148 3.90625e-06 52
1762429010476 3.90625e-06 53
1762429011016 3.90625e-06 54
1762429011315 3.90625e-06 55
1762429011627 3.90625e-06 56
1762429011949 3.90625e-06 57
1762429012296 1.953125e-06 58
1762429012655 1.953125e-06 59
1762429013029 1.953125e-06 60
1762429013351 1.953125e-06 61
1762429013702 1.953125e-06 62
1762429014034 1.953125e-06 63
1762429014355 9.765625e-07 64
1762429014671 9.765625e-07 65
1762429014997 9.765625e-07 66
1762429015316 9.765625e-07 67
1762429015643 9.765625e-07 68
1762429015985 9.765625e-07 69
1762429016309 4.8828125e-07 70
1762429016634 4.8828125e-07 71
1762429016961 4.8828125e-07 72
1762429017277 4.8828125e-07 73
1762429017600 4.8828125e-07 74
1762429018000 4.8828125e-07 75
1762429018350 2.44140625e-07 76
1762429018666 2.44140625e-07 77
1762429018979 2.44140625e-07 78
1762429019313 2.44140625e-07 79
1762429019620 2.44140625e-07 80
1762429020019 2.44140625e-07 81
1762429020338 1.220703125e-07 82
1762429020660 1.220703125e-07 83
1762429021007 1.220703125e-07 84
1762429021316 1.220703125e-07 85
1762429021620 1.220703125e-07 86
1762429021930 1.220703125e-07 87
1762429022251 6.103515625e-08 88
1762429022579 6.103515625e-08 89
1762429022906 6.103515625e-08 90
1762429023221 6.103515625e-08 91
1762429023515 6.103515625e-08 92
1762429023828 6.103515625e-08 93
1762429024159 3.0517578125e-08 94
1762429024480 3.0517578125e-08 95
1762429024787 3.0517578125e-08 96
1762429025105 3.0517578125e-08 97
1762429025400 3.0517578125e-08 98
1762429025707 3.0517578125e-08 99
1762429026036 1.52587890625e-08 100
1762429026357 1.52587890625e-08 101
1762429026673 1.52587890625e-08 102
1762429026997 1.52587890625e-08 103
1762429027316 1.52587890625e-08 104
1762429027628 1.52587890625e-08 105
1762429027948 1.52587890625e-08 106
1762429028251 1.52587890625e-08 107
1762429028546 1.52587890625e-08 108
1762429028866 1.52587890625e-08 109
1762429029197 1.52587890625e-08 110
1762429029520 1.52587890625e-08 111
1762429029846 1.52587890625e-08 112
1762429030186 1.52587890625e-08 113
1762429030531 1.52587890625e-08 114
1762429030852 1.52587890625e-08 115
1762429031171 1.52587890625e-08 116
1762429031487 1.52587890625e-08 117
1762429031793 1.52587890625e-08 118
1762429032119 1.52587890625e-08 119
1762429032465 1.52587890625e-08 120
1762429032801 1.52587890625e-08 121
1762429033138 1.52587890625e-08 122
1762429033491 1.52587890625e-08 123
1762429033831 1.52587890625e-08 124
1762429034176 1.52587890625e-08 125
1762429034532 1.52587890625e-08 126
1762429034898 1.52587890625e-08 127
1762429035258 1.52587890625e-08 128
1762429035596 1.52587890625e-08 129
1762429035947 1.52587890625e-08 130
1762429036313 1.52587890625e-08 131
1762429036657 1.52587890625e-08 132
1762429037014 1.52587890625e-08 133
1762429037374 1.52587890625e-08 134
1762429037686 1.52587890625e-08 135
1762429038038 1.52587890625e-08 136
1762429038386 1.52587890625e-08 137
1762429038707 1.52587890625e-08 138
1762429039045 1.52587890625e-08 139
1762429039381 1.52587890625e-08 140
1762429039757 1.52587890625e-08 141
1762429040172 1.52587890625e-08 142
1762429040583 1.52587890625e-08 143
1762429040928 1.52587890625e-08 144
1762429041300 1.52587890625e-08 145
1762429041628 1.52587890625e-08 146
1762429041966 1.52587890625e-08 147
1762429042313 1.52587890625e-08 148
1762429042647 1.52587890625e-08 149
1762429042965 1.52587890625e-08 150
1762429043315 1.52587890625e-08 151
1762429043637 1.52587890625e-08 152
1762429043986 1.52587890625e-08 153
1762429044430 1.52587890625e-08 154
1762429044792 1.52587890625e-08 155
1762429045136 1.52587890625e-08 156
1762429045471 1.52587890625e-08 157
1762429045809 1.52587890625e-08 158
1762429046165 1.52587890625e-08 159
1762429046514 1.52587890625e-08 160
1762429046875 1.52587890625e-08 161
1762429047210 1.52587890625e-08 162
1762429047584 1.52587890625e-08 163
1762429048032 1.52587890625e-08 164
1762429048397 1.52587890625e-08 165
1762429048791 1.52587890625e-08 166
1762429049136 1.52587890625e-08 167
1762429049578 1.52587890625e-08 168
1762429049950 1.52587890625e-08 169
1762429050292 1.52587890625e-08 170
1762429050625 1.52587890625e-08 171
1762429050951 1.52587890625e-08 172
1762429051296 1.52587890625e-08 173
1762429051630 1.52587890625e-08 174
1762429051951 1.52587890625e-08 175
1762429052296 1.52587890625e-08 176
1762429052647 1.52587890625e-08 177
1762429053011 1.52587890625e-08 178
1762429053338 1.52587890625e-08 179
1762429053696 1.52587890625e-08 180
1762429054046 1.52587890625e-08 181
1762429054378 1.52587890625e-08 182
1762429054726 1.52587890625e-08 183
1762429055057 1.52587890625e-08 184
1762429055395 1.52587890625e-08 185
1762429055720 1.52587890625e-08 186
1762429056051 1.52587890625e-08 187
1762429056400 1.52587890625e-08 188
1762429056720 1.52587890625e-08 189
1762429057057 1.52587890625e-08 190
1762429057390 1.52587890625e-08 191
1762429057723 1.52587890625e-08 192
1762429058046 1.52587890625e-08 193
1762429058376 1.52587890625e-08 194
1762429058719 1.52587890625e-08 195
1762429059079 1.52587890625e-08 196
1762429059437 1.52587890625e-08 197
1762429059814 1.52587890625e-08 198
1762429060180 1.52587890625e-08 199
1762429060526 1.52587890625e-08 200
