1762428993550 0.011505290439699665 1
1762428993978 0.003249773416042691 2
1762428994328 0.0002612324941595543 3
1762428994646 0.000196972623259279 4
1762428995036 0.00019743279070530276 5
1762428995353 0.00018805194529211464 6
1762428995666 0.00022152112994216762 7
1762428995982 0.00017692841745082336 8
1762428996388 0.00016618421567866372 9
1762428996696 0.00016986441353811503 10
1762428997011 0.00017591791032118943 11
1762428997298 0.00015757876173080087 12
1762428997595 0.00015627948399060958 13
1762428997896 0.00015841808278109658 14
1762428998213 0.00016015146647370816 15
1762428998511 0.00014874864822466685 16
1762428998808 0.0001468070879774918 17
1762428999120 0.00013903762028657168 18
1762428999440 0.00015443433505301442 19
1762428999766 0.00014310273480201062 20
1762429000106 0.0001497313441162124 21
1762429000411 0.00013791145373311415 22
1762429000718 0.00013755698628147465 23
1762429001036 0.0001393025477073487 24
1762429001371 0.00013185101229513965 25
1762429001830 0.00013757613465960444 26
1762429002195 0.00012955230722890503 27
1762429002499 0.00013429155672892485 28
1762429002795 0.00013998661480569755 29
1762429003111 0.00012960531449160475 30
1762429003428 0.00013516232058340762 31
1762429003725 0.00013213721843894128 32
1762429004041 0.0001345243585153909 33
1762429004415 0.00013337091914470843 34
1762429004769 0.00012752918127709132 35
1762429005085 0.00013144922478990707 36
1762429005395 0.0001394024345199025 37
1762429005698 0.00013192111941476715 38
1762429006013 0.00013312712813415802 39
1762429006336 0.00012619547512366484 40
1762429006642 0.00013088826115994904 41
1762429007035 0.0001315545140626501 42
1762429007365 0.0001305584822657076 43
1762429007670 0.00013217221073889157 44
1762429007991 0.00013152905702847452 45
1762429008285 0.00012886986692368954 46
1762429008585 0.00012940990915413458 47
1762429008896 0.0001224247083019552 48
1762429009185 0.00013419677554215383 49
1762429009503 0.00012427071783735054 50
1762429009829 0.00013185789374786555 51
1762429010148 0.00012791457407667806 52
1762429010476 0.00012515531723353995 53
1762429011016 0.0001326151251629137 54
1762429011315 0.00013056364609915133 55
1762429011627 0.00012837739138946852 56
1762429011949 0.00012089328607790946 57
1762429012296 0.00012933674502241726 58
1762429012655 0.00012572017430241013 59
1762429013029 0.00013518943986559476 60
1762429013351 0.00012767960732285787 61
1762429013702 0.00013061613522734398 62
1762429014034 0.00013289302277972654 63
1762429014355 0.000126916191282177 64
1762429014671 0.0001339138303838978 65
1762429014997 0.00012718256963989145 66
1762429015316 0.00013377878441765383 67
1762429015643 0.00013107851493444642 68
1762429015985 0.00012178844134708062 69
1762429016309 0.0001282612864673927 70
1762429016634 0.00012555862627716308 71
1762429016961 0.0001270911462458987 72
1762429017277 0.00012903814613463957 73
1762429017600 0.00012622381004571945 74
1762429018000 0.00012618217399487888 75
1762429018350 0.00012615776118394224 76
1762429018666 0.0001293789365741235 77
1762429018979 0.00013707946610816565 78
1762429019313 0.0001278220012047036 79
1762429019620 0.00012746410209081783 80
1762429020019 0.00012573346938845166 81
1762429020338 0.00012237117760193186 82
1762429020660 0.00013028867773354542 83
1762429021007 0.0001289691202963063 84
1762429021316 0.0001256819876104246 85
1762429021620 0.00012894948279500892 86
1762429021930 0.00013110784012666446 87
1762429022251 0.0001259746014681187 88
1762429022579 0.00012575844923079691 89
1762429022906 0.00012405988790136288 90
1762429023221 0.0001287892618304379 91
1762429023515 0.00012476514400647936 92
1762429023828 0.00012997178067561727 93
1762429024159 0.00013718630386500667 94
1762429024480 0.00012909677974737676 95
1762429024787 0.00012732280675525052 96
1762429025105 0.00012405401336717799 97
1762429025400 0.0001278555541599201 98
1762429025707 0.00013147504802672903 99
1762429026036 0.00012746470741349493 100
1762429026357 0.00012911965104186972 101
1762429026673 0.00013093544716327214 102
1762429026997 0.00012872670696983192 103
1762429027316 0.00013537569149344039 104
1762429027628 0.00012792717511035597 105
1762429027948 0.0001329573130795448 106
1762429028251 0.00012892370617364422 107
1762429028546 0.00012664643373543603 108
1762429028866 0.00012433694150709246 109
1762429029197 0.0001251399276582761 110
1762429029520 0.00012352623316011456 111
1762429029846 0.00012730713014962483 112
1762429030186 0.00012678020375768922 113
1762429030531 0.00012877230040168674 114
1762429030852 0.00013071178120483993 115
1762429031171 0.000130834896697059 116
1762429031487 0.00012875764076528929 117
1762429031793 0.00012570266612860675 118
1762429032119 0.00012980117223332084 119
1762429032465 0.00012749193546508233 120
1762429032801 0.00013579519077596823 121
1762429033138 0.0001355374770355411 122
1762429033491 0.0001323993062631077 123
1762429033831 0.00012650556823631386 124
1762429034176 0.0001293248225026172 125
1762429034532 0.0001292252869091699 126
1762429034898 0.0001307856099767871 127
1762429035258 0.00012703091019598798 128
1762429035596 0.00012820326101372286 129
1762429035947 0.00012852141644235433 130
1762429036313 0.00012768238544379266 131
1762429036657 0.0001285022343050144 132
1762429037014 0.00013281915220185342 133
1762429037374 0.00012612639866193157 134
1762429037686 0.00013296528518598496 135
1762429038038 0.00013419057704287313 136
1762429038386 0.00013138398220289055 137
1762429038707 0.00012898045845805288 138
1762429039045 0.00012722601000489904 139
1762429039381 0.00012832701790010384 140
1762429039757 0.00013167855119672052 141
1762429040172 0.00012926441818077148 142
1762429040583 0.00012976573338688714 143
1762429040928 0.00012376378670184856 144
1762429041300 0.00012248975622627522 145
1762429041628 0.00012746947914681604 146
1762429041966 0.00013403098236560286 147
1762429042313 0.0001301258012294272 148
1762429042647 0.00013504182030466558 149
1762429042965 0.00012633326548246382 150
1762429043315 0.000130373951895123 151
1762429043637 0.00013529888358681415 152
1762429043986 0.0001337342646828324 153
1762429044430 0.00012670226493293924 154
1762429044792 0.0001308247474761151 155
1762429045136 0.0001341055074096973 156
1762429045471 0.0001277797071729842 157
1762429045809 0.00012884807438240387 158
1762429046165 0.00012740880462796807 159
1762429046514 0.00012870711136695148 160
1762429046875 0.0001329772291636939 161
1762429047210 0.00012793176025852673 162
1762429047584 0.00013261576951678717 163
1762429048032 0.00012887607972824282 164
1762429048397 0.0001305759712013858 165
1762429048791 0.00012566446463806334 166
1762429049136 0.00012832436445701898 167
1762429049578 0.00012904689498038536 168
1762429049950 0.00013100637677441334 169
1762429050292 0.00013371945983558592 170
1762429050625 0.00013265064361325655 171
1762429050951 0.00013136365391724442 172
1762429051296 0.000126732788068416 173
1762429051630 0.00013017846911186667 174
1762429051951 0.00013017321161588386 175
1762429052296 0.00012554543829568408 176
1762429052647 0.00012498390812760266 177
1762429053011 0.0001302711280004587 178
1762429053338 0.00012852279135170078 179
1762429053696 0.00012795748736638322 180
1762429054046 0.00013018937768381072 181
1762429054378 0.00012774741443829076 182
1762429054726 0.00013203135646200912 183
1762429055057 0.00012739956712150963 184
1762429055395 0.0001263995193042674 185
1762429055720 0.00012766350026418045 186
1762429056051 0.00012775721687969545 187
1762429056400 0.0001325982592465214 188
1762429056720 0.00012479828383528895 189
1762429057057 0.00013365991157948204 190
1762429057390 0.0001272002122955894 191
1762429057723 0.00012992570949698625 192
1762429058046 0.00012886662172327228 193
1762429058376 0.0001322261961862658 194
1762429058719 0.00013711069661470808 195
1762429059079 0.00012780450283494477 196
1762429059437 0.00013394430012124496 197
1762429059814 0.00012771340895550705 198
1762429060180 0.00012897709271104976 199
1762429060526 0.000135747901737686 200
