1763646478399 0.001 1
1763646479088 0.001 2
1763646479976 0.001 3
1763646480860 0.001 4
1763646481541 0.001 5
1763646482193 0.001 6
1763646482909 0.001 7
1763646483549 0.001 8
1763646484360 0.001 9
1763646485044 0.0005 10
1763646485859 0.0005 11
1763646486906 0.0005 12
1763646487723 0.0005 13
1763646488445 0.0005 14
1763646489089 0.0005 15
1763646489710 0.00025 16
1763646490377 0.00025 17
1763646491043 0.00025 18
1763646491845 0.00025 19
1763646492657 0.00025 20
1763646493309 0.00025 21
1763646493961 0.000125 22
1763646494623 0.000125 23
1763646495325 0.000125 24
1763646495958 0.000125 25
1763646496769 0.000125 26
1763646497501 0.000125 27
1763646498159 6.25e-05 28
1763646498803 6.25e-05 29
1763646499421 6.25e-05 30
1763646500067 6.25e-05 31
1763646500803 6.25e-05 32
1763646501437 6.25e-05 33
1763646502106 3.125e-05 34
1763646502877 3.125e-05 35
1763646503976 3.125e-05 36
1763646504670 3.125e-05 37
1763646505334 3.125e-05 38
1763646505999 3.125e-05 39
1763646506827 1.5625e-05 40
1763646507587 1.5625e-05 41
1763646508548 1.5625e-05 42
1763646509210 1.5625e-05 43
1763646509768 1.5625e-05 44
1763646510347 1.5625e-05 45
1763646510885 7.8125e-06 46
1763646511409 7.8125e-06 47
1763646511940 7.8125e-06 48
1763646512446 7.8125e-06 49
1763646512979 7.8125e-06 50
1763646513519 7.8125e-06 51
1763646514019 3.90625e-06 52
1763646514599 3.90625e-06 53
1763646515165 3.90625e-06 54
1763646515667 3.90625e-06 55
1763646516151 3.90625e-06 56
1763646516769 3.90625e-06 57
1763646517286 1.953125e-06 58
1763646517798 1.953125e-06 59
1763646518314 1.953125e-06 60
1763646518837 1.953125e-06 61
1763646519330 1.953125e-06 62
1763646519836 1.953125e-06 63
1763646520325 9.765625e-07 64
1763646520840 9.765625e-07 65
1763646521352 9.765625e-07 66
1763646521869 9.765625e-07 67
1763646522358 9.765625e-07 68
1763646522889 9.765625e-07 69
1763646523395 4.8828125e-07 70
1763646523914 4.8828125e-07 71
1763646524417 4.8828125e-07 72
1763646524921 4.8828125e-07 73
1763646525426 4.8828125e-07 74
1763646525925 4.8828125e-07 75
1763646526414 2.44140625e-07 76
1763646526921 2.44140625e-07 77
1763646527414 2.44140625e-07 78
1763646527932 2.44140625e-07 79
1763646528433 2.44140625e-07 80
1763646528961 2.44140625e-07 81
1763646529497 1.220703125e-07 82
1763646530027 1.220703125e-07 83
1763646530547 1.220703125e-07 84
1763646531046 1.220703125e-07 85
1763646531538 1.220703125e-07 86
1763646532030 1.220703125e-07 87
1763646532537 6.103515625e-08 88
1763646533050 6.103515625e-08 89
1763646533548 6.103515625e-08 90
1763646534075 6.103515625e-08 91
1763646534556 6.103515625e-08 92
1763646535047 6.103515625e-08 93
1763646535543 3.0517578125e-08 94
1763646536025 3.0517578125e-08 95
1763646536508 3.0517578125e-08 96
1763646537012 3.0517578125e-08 97
1763646537496 3.0517578125e-08 98
1763646538013 3.0517578125e-08 99
1763646538553 1.52587890625e-08 100
1763646539063 1.52587890625e-08 101
1763646539552 1.52587890625e-08 102
1763646540071 1.52587890625e-08 103
1763646540579 1.52587890625e-08 104
1763646541091 1.52587890625e-08 105
1763646541596 1.52587890625e-08 106
1763646542098 1.52587890625e-08 107
1763646542591 1.52587890625e-08 108
1763646543111 1.52587890625e-08 109
1763646543612 1.52587890625e-08 110
1763646544130 1.52587890625e-08 111
1763646544643 1.52587890625e-08 112
1763646545229 1.52587890625e-08 113
1763646545759 1.52587890625e-08 114
1763646546251 1.52587890625e-08 115
1763646546767 1.52587890625e-08 116
1763646547262 1.52587890625e-08 117
1763646547774 1.52587890625e-08 118
1763646548271 1.52587890625e-08 119
1763646548869 1.52587890625e-08 120
1763646549382 1.52587890625e-08 121
1763646549891 1.52587890625e-08 122
1763646550379 1.52587890625e-08 123
1763646550900 1.52587890625e-08 124
1763646551400 1.52587890625e-08 125
1763646551901 1.52587890625e-08 126
1763646552395 1.52587890625e-08 127
1763646552927 1.52587890625e-08 128
1763646553429 1.52587890625e-08 129
1763646553924 1.52587890625e-08 130
1763646554443 1.52587890625e-08 131
1763646554948 1.52587890625e-08 132
1763646555450 1.52587890625e-08 133
1763646555942 1.52587890625e-08 134
1763646556435 1.52587890625e-08 135
1763646556913 1.52587890625e-08 136
1763646557395 1.52587890625e-08 137
1763646557906 1.52587890625e-08 138
1763646558420 1.52587890625e-08 139
1763646558925 1.52587890625e-08 140
1763646559429 1.52587890625e-08 141
1763646559918 1.52587890625e-08 142
1763646560429 1.52587890625e-08 143
1763646560942 1.52587890625e-08 144
1763646561430 1.52587890625e-08 145
1763646561926 1.52587890625e-08 146
1763646562429 1.52587890625e-08 147
1763646562940 1.52587890625e-08 148
1763646563520 1.52587890625e-08 149
1763646564047 1.52587890625e-08 150
1763646564563 1.52587890625e-08 151
1763646565056 1.52587890625e-08 152
1763646565584 1.52587890625e-08 153
1763646566082 1.52587890625e-08 154
1763646566567 1.52587890625e-08 155
1763646567055 1.52587890625e-08 156
1763646567550 1.52587890625e-08 157
1763646568070 1.52587890625e-08 158
1763646568577 1.52587890625e-08 159
1763646569067 1.52587890625e-08 160
1763646569552 1.52587890625e-08 161
1763646570152 1.52587890625e-08 162
1763646570702 1.52587890625e-08 163
1763646571298 1.52587890625e-08 164
1763646571835 1.52587890625e-08 165
1763646572379 1.52587890625e-08 166
1763646573004 1.52587890625e-08 167
1763646573760 1.52587890625e-08 168
1763646574331 1.52587890625e-08 169
1763646574912 1.52587890625e-08 170
1763646575549 1.52587890625e-08 171
1763646576197 1.52587890625e-08 172
1763646576769 1.52587890625e-08 173
1763646577319 1.52587890625e-08 174
1763646577828 1.52587890625e-08 175
1763646578331 1.52587890625e-08 176
1763646578919 1.52587890625e-08 177
1763646579499 1.52587890625e-08 178
1763646580100 1.52587890625e-08 179
1763646580702 1.52587890625e-08 180
1763646581275 1.52587890625e-08 181
1763646581796 1.52587890625e-08 182
1763646582415 1.52587890625e-08 183
1763646583062 1.52587890625e-08 184
1763646583652 1.52587890625e-08 185
1763646584212 1.52587890625e-08 186
1763646584819 1.52587890625e-08 187
1763646585404 1.52587890625e-08 188
1763646586021 1.52587890625e-08 189
1763646586614 1.52587890625e-08 190
1763646587183 1.52587890625e-08 191
1763646587801 1.52587890625e-08 192
1763646588400 1.52587890625e-08 193
1763646588956 1.52587890625e-08 194
1763646589662 1.52587890625e-08 195
1763646590274 1.52587890625e-08 196
1763646590846 1.52587890625e-08 197
1763646591379 1.52587890625e-08 198
1763646592065 1.52587890625e-08 199
1763646592688 1.52587890625e-08 200
