1763646478399 0.011505292318129943 1
1763646479088 0.0032497729471750495 2
1763646479976 0.00026123258171768826 3
1763646480860 0.00019697275250001763 4
1763646481541 0.00019743294849492593 5
1763646482193 0.00018805213298715682 6
1763646482909 0.00022152114116440733 7
1763646483549 0.0001769284954515554 8
1763646484360 0.00016618428911650712 9
1763646485044 0.00016986456614824296 10
1763646485859 0.00017591795718328932 11
1763646486906 0.00015757884114972804 12
1763646487723 0.0001562795334424571 13
1763646488445 0.00015841816072016796 14
1763646489089 0.00016015152122837224 15
1763646489710 0.00014874869447016015 16
1763646490377 0.00014680721203873517 17
1763646491043 0.00013903770482333346 18
1763646491845 0.00015443442156291726 19
1763646492657 0.00014310283759032708 20
1763646493309 0.00014973144838438464 21
1763646493961 0.00013791148437846103 22
1763646494623 0.00013755703326689584 23
1763646495325 0.00013930259216468293 24
1763646495958 0.00013185107167435305 25
1763646496769 0.0001375761919423555 26
1763646497501 0.0001295523722192383 27
1763646498159 0.00013429162942684035 28
1763646498803 0.00013998667591140937 29
1763646499421 0.0001296053857713251 30
1763646500067 0.0001351623966726593 31
1763646500803 0.00013213728737555665 32
1763646501437 0.0001345244225808143 33
1763646502106 0.0001333709837034171 34
1763646502877 0.00012752924275276708 35
1763646503976 0.0001314492591965541 36
1763646504670 0.00013940248711644357 37
1763646505334 0.00013192119001622027 38
1763646505999 0.00013312720348348177 39
1763646506827 0.00012619551723789407 40
1763646507587 0.00013088829908125356 41
1763646508548 0.0001315545646860501 42
1763646509210 0.00013055852641473856 43
1763646509768 0.0001321722260307347 44
1763646510347 0.00013152911202978122 45
1763646510885 0.00012886991193596968 46
1763646511409 0.00012940994053940936 47
1763646511940 0.00012242474104376446 48
1763646512446 0.00013419683683284765 49
1763646512979 0.00012427076599432423 50
1763646513519 0.00013185795022902804 51
1763646514019 0.00012791463172939305 52
1763646514599 0.00012515534935874265 53
1763646515165 0.00013261516992855123 54
1763646515667 0.00013056370029886947 55
1763646516151 0.00012837745822962153 56
1763646516769 0.00012089334921842299 57
1763646517286 0.00012933675624465695 58
1763646517798 0.0001257202304136087 59
1763646518314 0.00013518947624538283 60
1763646518837 0.00012767963377528004 61
1763646519330 0.00013061617980799953 62
1763646519836 0.00013289307106002156 63
1763646520325 0.0001269162553476004 64
1763646520840 0.00013391387336137626 65
1763646521352 0.00012718263426026076 66
1763646521869 0.00013377885822546116 67
1763646522358 0.00013107857264882207 68
1763646522889 0.00012178848161149013 69
1763646523395 0.0001282613406054502 70
1763646523914 0.0001255586502014983 71
1763646524417 0.00012709118527709506 72
1763646524921 0.00012903817197045518 73
1763646525426 0.00012622385949756696 74
1763646525925 0.00012618221561582285 75
1763646526414 0.0001261578041614207 76
1763646526921 0.0001293789728922509 77
1763646527414 0.00013707947985849232 78
1763646527932 0.00012782202870535695 79
1763646528433 0.0001274641757136432 80
1763646528961 0.00012573349386773278 81
1763646529497 0.00012237121761969873 82
1763646530027 0.0001302887066523939 83
1763646530547 0.00012896915864923542 84
1763646531046 0.00012568204322833788 85
1763646531538 0.00012894953600815656 86
1763646532030 0.00013110788927020868 87
1763646532537 0.00012597462903043272 88
1763646533050 0.0001257585029988905 89
1763646533548 0.00012405992754916582 90
1763646534075 0.00012878929975174242 91
1763646534556 0.0001247651808795527 92
1763646535047 0.00012997182217323994 93
1763646535543 0.00013718635966790193 94
1763646536025 0.00012909683283720308 95
1763646536508 0.00012732283474918912 96
1763646537012 0.0001240540636822747 97
1763646537496 0.00012785559423934763 98
1763646538013 0.0001314750976635585 99
1763646538553 0.00012746475162418654 100
1763646539063 0.00012911971005111916 101
1763646539552 0.00013093552380746972 102
1763646540071 0.0001287267616011747 103
1763646540579 0.00013537575475727523 104
1763646541091 0.00012792722289736572 105
1763646541596 0.00013295735753687904 106
1763646542098 0.00012892374088859453 107
1763646542591 0.0001266464744931308 108
1763646543111 0.00012433697190579674 109
1763646543612 0.00012513998968889778 110
1763646544130 0.00012352626485369263 111
1763646544643 0.0001273071659128063 112
1763646545229 0.00012678027793546048 113
1763646545759 0.0001287723798206139 114
1763646546251 0.00013071184681177976 115
1763646546767 0.00013083495311656083 116
1763646547262 0.0001287576905254401 117
1763646547774 0.00012570271058594097 118
1763646548271 0.00012980119369122972 119
1763646548869 0.00012749199293281534 120
1763646549382 0.00013579521130896726 121
1763646549891 0.0001355375411009645 122
1763646550379 0.00013239934566426802 123
1763646550900 0.00012650562564238621 124
1763646551400 0.0001293248614721529 125
1763646551901 0.00012922529973458672 126
1763646552395 0.00013078567274733667 127
1763646552927 0.00012703092283642282 128
1763646553429 0.00012820328888434016 129
1763646553924 0.00012852143870185177 130
1763646554443 0.0001276824297161449 131
1763646554948 0.00012850230256336253 132
1763646555450 0.0001328191864851791 133
1763646555942 0.00012612643380850648 134
1763646556435 0.0001329653173728483 135
1763646556913 0.0001341906461028098 136
1763646557395 0.0001313840243171198 137
1763646557906 0.00012898048947336372 138
1763646558420 0.0001272260717888781 139
1763646558925 0.0001283270621724561 140
1763646559429 0.00013167860613636656 141
1763646559918 0.00012926447571016516 142
1763646560429 0.00012976580707137314 143
1763646560942 0.00012376383664698134 144
1763646561430 0.00012248979858714708 145
1763646561926 0.0001274695279203963 146
1763646562429 0.00013403101159275462 147
1763646562940 0.00013012584198712198 148
1763646563520 0.0001350418697565131 149
1763646564047 0.00012633332399842803 150
1763646564563 0.0001303739768676894 151
1763646565056 0.00013529890775779198 152
1763646565584 0.00013373430704370425 153
1763646566082 0.00012670230581395534 154
1763646566567 0.0001308247841025458 155
1763646567055 0.0001341055502021938 156
1763646567550 0.00012777972098497152 157
1763646568070 0.00012884812623901703 158
1763646568577 0.00012740884970190887 159
1763646569067 0.00012870714934991664 160
1763646569552 0.00013297728996110244 161
1763646570152 0.0001279318126700858 162
1763646570702 0.00013261582846437598 163
1763646571298 0.00012887613707265454 164
1763646571835 0.0001305760249078187 165
1763646572379 0.0001256644930019659 166
1763646573004 0.00012832438949124603 167
1763646573760 0.00012904693635468672 168
1763646574331 0.0001310064236981739 169
1763646574912 0.0001337195227911175 170
1763646575549 0.0001326506822128283 171
1763646576197 0.00013136370497226905 172
1763646576769 0.00012673281797383502 173
1763646577319 0.00013017852997093587 174
1763646577828 0.0001301732592795723 175
1763646578331 0.00012554547991662808 176
1763646578919 0.00012498397428948842 177
1763646579499 0.0001302711840499966 178
1763646580100 0.00012852286053495878 179
1763646580702 0.00012795754643729336 180
1763646581275 0.0001301894499501016 181
1763646581796 0.00012774746438342353 182
1763646582415 0.00013203141318981424 183
1763646583062 0.0001273996006032468 184
1763646583652 0.0001263995731340216 185
1763646584212 0.00012766354231674902 186
1763646584819 0.00012775728106844019 187
1763646585404 0.00013259830839006562 188
1763646586021 0.00012479835184699446 189
1763646586614 0.00013365999423559376 190
1763646587183 0.00012720026156245494 191
1763646587801 0.00012992571362825032 192
1763646588400 0.00012886667697122162 193
1763646588956 0.00013222628121631284 194
1763646589662 0.00013711077424547618 195
1763646590274 0.0001278045388447689 196
1763646590846 0.00013394436665309468 197
1763646591379 0.00012771346420345638 198
1763646592065 0.00012897713858657912 199
1763646592688 0.000135747968762821 200
